Tour 1 J1
1 16 21
2 16 22
3 17 22
4 17 23
5 18 23
6 18 24
7 19 24
8 19 25
9 20 25
coup retenu : 9 20 25

Tour 2 J2
1 35 30
2 35 29
3 34 29
4 34 28
5 33 28
6 33 27
7 32 27
8 32 26
9 31 26
coup retenu : 3 34 29

Tour 3 J1
1 25 34
coup retenu : 1 25 34

Tour 4 J2
1 38 29
2 39 28
coup retenu : 1 38 29

Tour 5 J1
1 15 20
2 16 21
3 16 22
4 17 22
5 17 23
6 18 23
7 18 24
8 19 24
9 19 25
coup retenu : 5 17 23

Tour 6 J2
1 44 38
2 43 38
3 39 34
4 35 30
5 33 28
6 33 27
7 32 27
8 32 26
9 31 26
10 29 25
11 29 24
coup retenu : 3 39 34

Tour 7 J1
1 12 17
2 13 17
3 15 20
4 16 21
5 16 22
6 18 24
7 19 24
8 19 25
9 23 27
10 23 28
coup retenu : 7 19 24

Tour 8 J2
1 45 39
2 44 39
3 44 38
4 43 38
5 35 30
6 34 28
7 33 28
8 33 27
9 32 27
10 32 26
11 31 26
12 29 25
coup retenu : 10 32 26

Tour 9 J1
1 12 17
2 13 17
3 14 19
4 15 19
5 15 20
6 16 21
7 16 22
8 23 27
9 23 28
10 24 28
coup retenu : 8 23 27

Tour 10 J2
1 33 22
coup retenu : 1 33 22

Tour 11 J1
1 16 27
coup retenu : 1 16 27

Tour 12 J2
1 45 39
2 44 39
3 44 38
4 43 38
5 37 33
6 37 32
7 36 32
8 35 30
9 34 28
10 29 25
11 26 22
12 26 21
coup retenu : 2 44 39

Tour 13 J1
1 11 16
2 12 16
3 12 17
4 13 17
5 14 19
6 15 19
7 15 20
8 18 23
9 24 28
10 27 32
11 27 33
coup retenu : 6 15 19

Tour 14 J2
1 49 44
2 48 44
3 43 38
4 37 33
5 37 32
6 36 32
7 35 30
8 34 28
9 29 25
10 26 22
11 26 21
coup retenu : 4 37 33

Tour 15 J1
1 27 38
coup retenu : 1 27 38

Tour 16 J2
1 49 44
2 48 44
3 43 37
4 42 37
5 36 32
6 35 30
7 34 28
8 29 25
9 26 22
10 26 21
coup retenu : 9 26 22

Tour 17 J1
1 9 15
2 10 15
3 11 16
4 12 16
5 12 17
6 13 17
7 18 23
8 19 25
9 24 28
10 38 44
coup retenu : 9 24 28

Tour 18 J2
1 34 23
coup retenu : 1 34 23

Tour 19 J1
1 18 16
coup retenu : 1 18 16

Tour 20 J2
1 43 34
coup retenu : 1 43 34

Tour 21 J1
1 9 15
2 10 15
3 12 17
4 13 17
5 13 18
6 14 18
7 16 21
8 16 22
9 19 24
10 19 25
coup retenu : 3 12 17

Tour 22 J2
1 49 44
2 48 44
3 48 43
4 47 43
5 42 37
6 36 32
7 35 30
8 34 28
9 31 26
10 29 25
11 29 24
coup retenu : 11 29 24

Tour 23 J1
1 19 28
coup retenu : 1 19 28

Tour 24 J2
1 34 21
coup retenu : 1 34 21

Tour 25 J1
1 6 12
2 7 12
3 9 15
4 10 15
5 11 16
6 13 17
7 13 18
8 14 18
9 14 19
coup retenu : 6 13 17

Tour 26 J2
1 49 44
2 48 44
3 48 43
4 47 43
5 42 37
6 39 34
7 36 32
8 35 30
9 35 29
10 31 26
11 21 16
coup retenu : 7 36 32

Tour 27 J1
1 6 12
2 7 12
3 7 13
4 8 13
5 9 15
6 10 15
7 11 16
8 14 18
9 14 19
10 17 22
11 17 23
coup retenu : 10 17 22

Tour 28 J2
1 49 44
2 48 44
3 48 43
4 47 43
5 42 37
6 42 36
7 41 36
8 39 34
9 35 30
10 35 29
11 32 27
12 32 26
13 31 26
14 21 16
coup retenu : 9 35 30

Tour 29 J1
1 6 12
2 7 12
3 7 13
4 8 13
5 9 15
6 10 15
7 11 16
8 14 18
9 14 19
10 22 26
11 22 27
coup retenu : 6 10 15

Tour 30 J2
1 49 44
2 48 44
3 48 43
4 47 43
5 42 37
6 42 36
7 41 36
8 40 35
9 39 35
10 39 34
11 32 27
12 32 26
13 31 26
14 30 25
15 21 16
coup retenu : 15 21 16

Tour 31 J1
1 5 10
2 6 12
3 7 12
4 7 13
5 8 13
6 14 18
7 14 19
8 15 19
9 15 20
10 22 26
11 22 27
coup retenu : 7 14 19

Tour 32 J2
1 16 27
coup retenu : 1 16 27

Tour 33 J1
1 5 10
2 6 12
3 7 12
4 7 13
5 8 13
6 8 14
7 9 14
8 11 16
9 15 20
10 19 24
11 19 25
coup retenu : 4 7 13

Tour 34 J2
1 49 44
2 48 44
3 48 43
4 47 43
5 42 37
6 42 36
7 41 36
8 40 35
9 39 35
10 39 34
11 32 26
12 31 26
13 30 25
14 27 23
15 27 22
coup retenu : 7 41 36

Tour 35 J1
1 2 7
2 3 7
3 5 10
4 6 12
5 8 14
6 9 14
7 11 16
8 13 17
9 13 18
10 15 20
11 19 24
12 19 25
coup retenu : 3 5 10

Tour 36 J2
1 49 44
2 48 44
3 48 43
4 47 43
5 46 41
6 42 37
7 40 35
8 39 35
9 39 34
10 32 26
11 31 26
12 30 25
13 27 23
14 27 22
coup retenu : 10 32 26

Tour 37 J1
1 2 7
2 3 7
3 6 12
4 8 14
5 9 14
6 11 16
7 13 17
8 13 18
9 15 20
10 19 24
11 19 25
coup retenu : 10 19 24

Tour 38 J2
1 49 44
2 48 44
3 48 43
4 47 43
5 46 41
6 42 37
7 40 35
8 39 35
9 39 34
10 36 32
11 30 25
12 27 23
13 27 22
14 26 22
15 26 21
coup retenu : 12 27 23

Tour 39 J1
1 2 7
2 3 7
3 6 12
4 8 14
5 9 14
6 11 16
7 13 17
8 13 18
9 15 19
10 15 20
11 24 28
12 24 29
coup retenu : 7 13 17

Tour 40 J2
1 23 12
coup retenu : 1 23 12

Tour 41 J1
1 6 17
coup retenu : 1 6 17

Tour 42 J2
1 49 44
2 48 44
3 48 43
4 47 43
5 46 41
6 42 37
7 40 35
8 39 35
9 39 34
10 36 32
11 30 25
12 26 22
13 26 21
coup retenu : 7 40 35

Tour 43 J1
1 1 6
2 2 6
3 2 7
4 3 7
5 8 13
6 8 14
7 9 14
8 11 16
9 15 19
10 15 20
11 17 22
12 17 23
13 24 28
14 24 29
coup retenu : 7 9 14

Tour 44 J2
1 49 44
2 48 44
3 48 43
4 47 43
5 46 41
6 45 40
7 42 37
8 39 34
9 36 32
10 35 29
11 30 25
12 26 22
13 26 21
coup retenu : 10 35 29

Tour 45 J1
1 24 44
coup retenu : 1 24 44

Tour 46 J2
1 48 39
2 49 38
coup retenu : 1 48 39

Tour 47 J1
1 1 6
2 2 6
3 2 7
4 3 7
5 4 9
6 8 13
7 11 16
8 14 18
9 14 19
10 15 19
11 15 20
12 17 22
13 17 23
coup retenu : 10 15 19

Tour 48 J2
1 49 44
2 47 43
3 46 41
4 45 40
5 42 37
6 39 35
7 39 34
8 36 32
9 30 25
10 26 22
11 26 21
coup retenu : 11 26 21

Tour 49 J1
1 1 6
2 2 6
3 2 7
4 3 7
5 4 9
6 8 13
7 10 15
8 11 16
9 14 18
10 17 22
11 17 23
12 19 24
13 19 25
coup retenu : 11 17 23

Tour 50 J2
1 49 44
2 47 43
3 46 41
4 45 40
5 42 37
6 39 35
7 39 34
8 36 32
9 31 26
10 30 25
11 21 16
coup retenu : 9 31 26

Tour 51 J1
1 1 6
2 2 6
3 2 7
4 3 7
5 4 9
6 8 13
7 10 15
8 11 16
9 14 18
10 19 24
11 19 25
12 23 27
13 23 28
coup retenu : 3 2 7

Tour 52 J2
1 49 44
2 47 43
3 46 41
4 45 40
5 42 37
6 39 35
7 39 34
8 36 32
9 36 31
10 30 25
11 26 22
12 21 16
coup retenu : 5 42 37

Tour 53 J1
1 1 6
2 4 9
3 7 12
4 7 13
5 8 13
6 10 15
7 11 16
8 14 18
9 19 24
10 19 25
11 23 27
12 23 28
coup retenu : 2 4 9

Tour 54 J2
1 49 44
2 47 43
3 47 42
4 46 42
5 46 41
6 45 40
7 39 35
8 39 34
9 37 33
10 37 32
11 36 32
12 36 31
13 30 25
14 26 22
15 21 16
coup retenu : 7 39 35

Tour 55 J1
1 1 6
2 7 12
3 7 13
4 8 13
5 9 15
6 10 15
7 11 16
8 14 18
9 19 24
10 19 25
11 23 27
12 23 28
coup retenu : 9 19 24

Tour 56 J2
1 49 44
2 47 43
3 47 42
4 46 42
5 46 41
6 45 40
7 45 39
8 37 33
9 37 32
10 36 32
11 36 31
12 35 29
13 30 25
14 26 22
15 21 16
coup retenu : 8 37 33

Tour 57 J1
1 1 6
2 7 12
3 7 13
4 8 13
5 9 15
6 10 15
7 11 16
8 14 18
9 14 19
10 23 27
11 23 28
12 24 28
13 24 29
coup retenu : 3 7 13

Tour 58 J2
1 49 44
2 47 43
3 47 42
4 46 42
5 46 41
6 45 40
7 45 39
8 36 32
9 36 31
10 35 29
11 33 28
12 33 27
13 30 25
14 26 22
15 21 16
coup retenu : 10 35 29

Tour 59 J1
1 24 35
coup retenu : 1 24 35

Tour 60 J2
1 30 39
coup retenu : 1 30 39

Tour 61 J1
1 1 6
2 3 7
3 9 15
4 10 15
5 11 16
6 13 17
7 13 18
8 14 18
9 14 19
10 23 27
11 23 28
coup retenu : 8 14 18

Tour 62 J2
1 49 44
2 47 43
3 47 42
4 46 42
5 46 41
6 45 40
7 39 35
8 39 34
9 36 32
10 36 31
11 33 28
12 33 27
13 26 22
14 21 16
coup retenu : 10 36 31

Tour 63 J1
1 1 6
2 3 7
3 8 14
4 9 14
5 9 15
6 10 15
7 11 16
8 13 17
9 18 24
10 23 27
11 23 28
coup retenu : 6 10 15

Tour 64 J2
1 49 44
2 47 43
3 47 42
4 46 42
5 46 41
6 45 40
7 39 35
8 39 34
9 33 28
10 33 27
11 26 22
12 21 16
coup retenu : 5 46 41

Tour 65 J1
1 1 6
2 3 7
3 8 14
4 9 14
5 11 16
6 13 17
7 15 19
8 15 20
9 18 24
10 23 27
11 23 28
coup retenu : 10 23 27

Tour 66 J2
1 33 22
coup retenu : 1 33 22

Tour 67 J1
1 1 6
2 3 7
3 8 14
4 9 14
5 11 16
6 13 17
7 15 19
8 15 20
9 18 23
10 18 24
coup retenu : 7 15 19

Tour 68 J2
1 49 44
2 47 43
3 47 42
4 45 40
5 41 36
6 39 35
7 39 34
8 22 17
9 22 16
10 21 16
coup retenu : 4 45 40

Tour 69 J1
1 1 6
2 3 7
3 8 14
4 9 14
5 9 15
6 11 16
7 13 17
8 18 23
9 18 24
10 19 24
11 19 25
coup retenu : 4 9 14

Tour 70 J2
1 50 45
2 49 45
3 49 44
4 47 43
5 47 42
6 41 36
7 40 35
8 39 35
9 39 34
10 22 17
11 22 16
12 21 16
coup retenu : 6 41 36

Tour 71 J1
1 1 6
2 3 7
3 11 16
4 13 17
5 18 23
6 18 24
7 19 24
8 19 25
coup retenu : 4 13 17

Tour 72 J2
1 22 15
coup retenu : 1 22 15

Tour 73 J1
1 1 6
2 3 7
3 8 13
4 11 16
5 14 18
6 14 19
coup retenu : 1 1 6

Tour 74 J2
1 50 45
2 49 45
3 49 44
4 47 43
5 47 42
6 40 35
7 39 35
8 39 34
9 36 32
10 26 22
11 21 16
12 15 10
13 15 9
coup retenu : 11 21 16

Tour 75 J1
1 11 22
coup retenu : 1 11 22

Tour 76 J2
1 26 17
coup retenu : 1 26 17

Tour 77 J1
1 3 7
2 6 11
3 6 12
4 8 13
5 14 18
6 14 19
coup retenu : 1 3 7

Tour 78 J2
1 50 45
2 49 45
3 49 44
4 47 43
5 47 42
6 40 35
7 39 35
8 39 34
9 36 32
10 31 26
11 17 13
12 17 12
13 15 10
14 15 9
coup retenu : 11 17 13

Tour 79 J1
1 7 18
2 8 17
coup retenu : 2 8 17

Tour 80 J2
1 50 45
2 49 45
3 49 44
4 47 43
5 47 42
6 40 35
7 39 35
8 39 34
9 36 32
10 31 26
11 15 10
12 15 9
coup retenu : 12 15 9

Tour 81 J1
1 14 5
coup retenu : 1 14 5

Tour 82 J2
1 50 45
2 49 45
3 49 44
4 47 43
5 47 42
6 40 35
7 39 35
8 39 34
9 36 32
10 31 26
coup retenu : 2 49 45

Tour 83 J1
1 5 9
2 5 10
3 6 11
4 6 12
5 7 12
6 7 13
7 17 22
8 17 23
coup retenu : 2 5 10

Tour 84 J2
1 47 43
2 47 42
3 40 35
4 39 35
5 39 34
6 36 32
7 31 26
coup retenu : 7 31 26

Tour 85 J1
1 6 11
2 6 12
3 7 12
4 7 13
5 10 15
6 17 22
7 17 23
coup retenu : 6 17 22

Tour 86 J2
1 26 17
coup retenu : 1 26 17

Tour 87 J1
1 6 11
2 6 12
3 7 12
4 7 13
5 10 15
coup retenu : 5 10 15

Tour 88 J2
1 47 43
2 47 42
3 40 35
4 39 35
5 39 34
6 36 32
7 36 31
8 17 13
9 17 12
coup retenu : 3 40 35

Tour 89 J1
1 6 11
2 6 12
3 7 12
4 7 13
5 15 19
6 15 20
coup retenu : 4 7 13

Tour 90 J2
1 17 8
coup retenu : 1 17 8

Tour 91 J1
1 6 11
2 6 12
3 15 19
4 15 20
coup retenu : 1 6 11

Tour 92 J2
1 47 43
2 47 42
3 45 40
4 39 34
5 36 32
6 36 31
7 35 30
8 35 29
9 8 4
10 8 3
coup retenu : 3 45 40

Tour 93 J1
1 11 16
2 15 19
3 15 20
coup retenu : 2 15 19

Tour 94 J2
1 50 45
2 47 43
3 47 42
4 39 34
5 36 32
6 36 31
7 35 30
8 35 29
9 8 4
10 8 3
coup retenu : 6 36 31

Tour 95 J1
1 11 16
2 19 24
3 19 25
coup retenu : 1 11 16

Tour 96 J2
1 50 45
2 47 43
3 47 42
4 39 34
5 35 30
6 35 29
7 31 26
8 8 4
9 8 3
coup retenu : 6 35 29

Tour 97 J1
1 16 21
2 16 22
3 19 24
4 19 25
coup retenu : 2 16 22

Tour 98 J2
1 50 45
2 47 43
3 47 42
4 40 35
5 39 35
6 39 34
7 31 26
8 29 25
9 29 24
10 8 4
11 8 3
coup retenu : 5 39 35

Tour 99 J1
1 19 24
2 19 25
3 22 26
4 22 27
coup retenu : 3 22 26

Tour 100 J2
1 31 22
coup retenu : 1 31 22

Tour 101 J1
1 19 24
2 19 25
coup retenu : 1 19 24

Tour 102 J2
1 29 18
coup retenu : 1 29 18

Tour 103 J1
