1 1 1 1 1 1 1 1 1 1 1 1 1 1 1 1 1 1 1 1 1 1 0 0 0 0 0 0 0 0 0 0 2 2 2 2 2 2 2 2 2 2 2 2 2 2 2 2 2 2 2 2 
2 2 1 1 1 1 1 1 1 1 1 1 1 1 1 1 1 1 1 1 0 1 0 0 0 1 0 0 0 0 0 0 2 2 2 2 2 2 2 2 2 2 2 2 2 2 2 2 2 2 2 2 
3 1 1 1 1 1 1 1 1 1 1 1 1 1 1 1 1 1 1 1 0 1 0 0 0 1 0 0 2 0 0 0 2 0 2 2 2 2 2 2 2 2 2 2 2 2 2 2 2 2 2 2 
4 2 1 1 1 1 1 1 1 1 1 1 1 1 1 1 1 0 1 1 0 1 0 1 0 1 0 0 2 0 0 0 2 0 2 2 2 2 2 2 2 2 2 2 2 2 2 2 2 2 2 2 
5 1 1 1 1 1 1 1 1 1 1 1 1 1 1 1 1 2 1 1 0 1 0 0 0 1 0 0 0 0 0 0 2 0 2 2 2 2 2 2 2 2 2 2 2 2 2 2 2 2 2 2 
6 2 1 1 1 1 1 1 1 1 1 1 1 0 1 1 1 0 1 1 0 1 1 0 0 1 0 0 0 0 0 0 2 0 2 2 2 2 2 2 2 2 2 2 2 2 2 2 2 2 2 2 
7 1 1 1 1 1 1 1 1 1 1 1 1 0 1 1 1 0 1 1 0 1 1 0 0 1 0 0 0 2 0 0 2 0 0 2 2 2 2 2 2 2 2 2 2 2 2 2 2 2 2 2 
8 2 1 1 1 1 1 1 1 1 1 1 1 0 1 1 1 0 1 1 0 1 1 0 0 0 0 0 0 0 0 0 2 0 1 2 2 2 2 2 2 2 2 2 2 2 2 2 2 2 2 2 
9 1 1 1 1 1 1 1 1 1 1 1 1 0 1 1 1 0 1 1 0 1 1 0 0 0 0 0 2 0 0 0 2 0 0 2 2 2 2 0 2 2 2 2 2 2 2 2 2 2 2 2 
10 2 1 1 1 1 1 1 1 1 1 1 1 0 1 1 1 0 1 1 0 0 1 0 0 0 1 0 2 0 0 0 2 0 0 2 2 2 2 0 2 2 2 2 2 2 2 2 2 2 2 2 
11 1 1 1 1 1 1 1 1 1 1 1 1 0 1 1 1 0 1 1 0 0 1 2 0 0 1 0 0 0 0 0 2 0 0 2 2 2 2 0 2 2 2 2 2 2 2 2 2 2 2 2 
12 2 1 1 1 1 1 1 1 1 1 1 1 0 1 1 1 0 0 1 0 0 1 0 0 0 1 1 0 0 0 0 2 0 0 2 2 2 2 0 2 2 2 2 2 2 2 2 2 2 2 2 
13 1 1 1 1 1 1 1 1 1 1 1 1 0 1 1 1 0 0 1 0 0 1 2 0 0 1 0 0 0 0 0 0 0 0 2 2 2 2 0 2 2 2 2 2 2 2 2 2 2 2 2 
14 2 1 1 1 1 1 1 1 1 1 1 1 0 1 1 0 0 0 1 0 1 1 2 0 0 1 0 0 0 0 0 0 0 0 2 2 2 2 0 2 2 2 2 2 2 2 2 2 2 2 2 
15 1 1 1 1 1 1 1 1 1 1 1 1 0 1 1 0 0 0 1 0 1 1 2 0 0 1 0 0 0 0 0 0 0 0 2 2 2 2 2 2 2 2 2 2 0 2 2 2 2 2 2 
16 2 1 1 1 1 1 1 1 1 1 1 1 0 1 1 0 0 0 1 0 1 0 2 0 0 1 1 0 0 0 0 0 0 0 2 2 2 2 2 2 2 2 2 2 0 2 2 2 2 2 2 
17 1 1 1 1 1 1 1 1 1 1 1 1 0 1 1 0 0 0 1 0 1 0 0 0 0 1 0 0 0 0 0 2 0 0 2 2 2 2 2 2 2 2 2 2 0 2 2 2 2 2 2 
18 2 1 1 1 1 1 1 1 1 1 1 1 0 1 1 0 0 0 0 0 1 0 0 0 1 1 0 0 0 0 0 2 0 0 2 2 2 2 2 2 2 2 2 2 0 2 2 2 2 2 2 
19 1 1 1 1 1 1 1 1 1 1 1 1 0 1 1 0 0 0 0 0 1 0 0 0 1 1 0 0 2 0 0 2 0 0 0 2 2 2 2 2 2 2 2 2 0 2 2 2 2 2 2 
20 2 1 1 1 1 1 1 1 1 1 1 1 0 1 1 0 0 0 0 0 1 0 0 0 0 1 0 0 0 0 0 2 0 0 0 2 2 2 0 2 2 2 2 2 1 2 2 2 2 2 2 
21 1 1 1 1 1 1 1 1 1 1 1 1 0 1 1 0 0 0 0 0 1 0 0 0 0 1 0 0 0 0 0 2 0 0 0 2 2 2 2 2 2 2 2 2 0 2 2 2 2 0 2 
22 2 1 1 1 1 1 1 1 1 1 0 1 0 1 1 1 0 0 0 0 1 0 0 0 0 1 0 0 0 0 0 2 0 0 0 2 2 2 2 2 2 2 2 2 0 2 2 2 2 0 2 
23 1 1 1 1 1 1 1 1 1 1 0 1 0 1 1 1 0 0 0 0 1 0 0 0 0 1 2 0 0 0 0 0 0 0 0 2 2 2 2 2 2 2 2 2 0 2 2 2 2 0 2 
24 2 1 1 1 1 1 1 1 1 1 0 1 0 1 1 1 0 0 0 0 1 0 0 0 0 0 2 0 0 1 0 0 0 0 0 2 2 2 2 2 2 2 2 2 0 2 2 2 2 0 2 
25 1 1 1 1 1 1 1 1 1 1 0 1 0 1 1 1 0 0 0 0 1 0 0 0 2 0 2 0 0 0 0 0 0 0 0 0 2 2 2 2 2 2 2 2 0 2 2 2 2 0 2 
26 2 1 1 1 1 1 1 1 1 1 0 0 0 1 1 1 1 0 0 0 1 0 0 0 2 0 2 0 0 0 0 0 0 0 0 0 2 2 2 2 2 2 2 2 0 2 2 2 2 0 2 
27 1 1 1 1 1 1 1 1 1 1 0 0 0 1 1 1 1 0 0 2 1 0 0 0 0 0 2 0 0 0 0 0 0 0 0 0 2 2 2 2 2 2 2 2 0 2 2 2 2 0 2 
28 2 1 1 1 1 1 1 1 1 1 0 0 0 1 0 1 1 0 0 0 1 0 0 0 0 1 2 0 0 0 0 0 0 0 0 0 2 2 2 2 2 2 2 2 0 2 2 2 2 0 2 
29 1 1 1 1 1 1 1 1 1 1 0 0 0 1 0 1 1 0 0 0 1 0 2 0 0 1 0 0 0 0 0 0 0 0 0 0 2 2 2 2 2 2 2 2 0 2 2 2 2 0 2 
30 2 1 1 1 1 1 1 1 1 1 0 0 0 1 0 1 0 0 0 0 1 0 0 0 0 1 0 1 0 0 0 0 0 0 0 0 2 2 2 2 2 2 2 2 0 2 2 2 2 0 2 
31 1 1 1 1 1 1 1 1 1 1 0 0 0 1 0 1 0 0 0 0 1 0 0 0 0 1 0 1 0 0 0 0 0 0 0 2 2 2 2 0 2 2 2 2 0 2 2 2 2 0 2 
32 2 1 1 1 1 1 1 1 1 1 0 0 0 0 0 1 0 1 0 0 1 0 0 0 0 1 0 1 0 0 0 0 0 0 0 2 2 2 2 0 2 2 2 2 0 2 2 2 2 0 2 
33 1 1 1 1 1 1 1 1 1 1 0 0 0 0 0 1 0 1 0 0 1 0 0 0 0 1 0 1 0 0 0 0 0 2 0 2 2 2 0 0 2 2 2 2 0 2 2 2 2 0 2 
34 2 1 1 1 1 1 1 1 1 1 0 0 0 0 0 1 0 1 0 0 1 0 0 0 0 1 0 0 0 0 0 0 0 0 0 2 2 2 1 0 2 2 2 2 0 2 2 2 2 0 2 
35 1 1 1 1 1 1 1 1 1 1 0 0 0 0 0 1 0 1 0 0 1 0 0 0 0 1 0 0 0 0 0 0 0 0 2 2 2 2 0 0 2 2 2 0 0 2 2 2 2 0 2 
36 2 1 1 1 1 1 1 0 1 1 0 0 0 1 0 1 0 1 0 0 1 0 0 0 0 1 0 0 0 0 0 0 0 0 2 2 2 2 0 0 2 2 2 0 0 2 2 2 2 0 2 
37 1 1 1 1 1 1 1 0 1 1 0 0 0 1 0 1 0 1 0 0 1 0 0 0 0 1 0 0 0 0 0 0 2 0 2 2 2 0 0 0 2 2 2 0 0 2 2 2 2 0 2 
38 2 1 1 1 1 1 1 0 1 1 0 0 0 1 0 1 0 0 0 0 1 0 1 0 0 1 0 0 0 0 0 0 2 0 2 2 2 0 0 0 2 2 2 0 0 2 2 2 2 0 2 
39 1 1 1 1 1 1 1 0 1 1 0 0 0 1 0 1 0 0 0 0 1 0 1 0 0 1 0 0 0 0 0 2 2 0 2 2 0 0 0 0 2 2 2 0 0 2 2 2 2 0 2 
40 2 1 1 1 1 1 1 0 0 1 0 0 0 1 1 1 0 0 0 0 1 0 1 0 0 1 0 0 0 0 0 2 2 0 2 2 0 0 0 0 2 2 2 0 0 2 2 2 2 0 2 
41 1 1 1 1 1 1 1 0 0 1 0 0 0 1 1 1 0 0 0 0 1 0 1 0 0 1 0 0 0 0 0 2 2 0 2 2 0 0 0 0 2 2 2 2 0 2 2 2 0 0 2 
42 2 1 1 1 1 1 1 0 0 1 0 0 0 1 0 1 0 0 1 0 1 0 1 0 0 1 0 0 0 0 0 2 2 0 2 2 0 0 0 0 2 2 2 2 0 2 2 2 0 0 2 
43 1 1 1 1 1 1 1 0 0 1 0 0 0 1 0 1 0 0 1 0 1 0 1 0 0 1 0 0 0 0 0 2 2 0 2 2 2 0 0 0 2 0 2 2 0 2 2 2 0 0 2 
44 2 1 1 1 1 1 1 0 0 1 0 0 0 1 0 1 0 0 0 0 1 0 1 1 0 1 0 0 0 0 0 2 2 0 2 2 2 0 0 0 2 0 2 2 0 2 2 2 0 0 2 
45 1 1 1 1 1 1 1 0 0 1 0 0 0 1 0 1 0 0 0 0 1 0 1 1 0 1 0 2 0 0 0 2 0 0 2 2 2 0 0 0 2 0 2 2 0 2 2 2 0 0 2 
46 2 1 1 1 1 1 1 0 0 1 0 0 0 1 0 1 0 0 0 0 1 0 1 0 0 1 0 0 0 0 0 2 0 0 2 2 0 0 0 0 2 1 2 2 0 2 2 2 0 0 2 
47 1 1 1 1 1 1 1 0 0 1 0 0 0 1 0 1 0 0 0 0 1 0 1 0 0 1 0 0 0 0 0 2 0 0 2 2 0 2 0 0 2 1 0 2 0 2 2 2 0 0 2 
48 2 1 1 1 1 1 1 0 0 1 0 0 0 0 0 1 0 1 0 0 1 0 1 0 0 1 0 0 0 0 0 2 0 0 2 2 0 2 0 0 2 1 0 2 0 2 2 2 0 0 2 
49 1 1 1 1 1 1 1 0 0 1 0 0 0 0 0 1 0 1 0 0 1 0 1 0 0 1 0 0 0 0 2 2 0 0 2 0 0 2 0 0 2 1 0 2 0 2 2 2 0 0 2 
50 2 1 1 1 1 1 1 0 0 1 0 0 0 0 0 1 0 1 0 0 1 0 0 0 0 1 1 0 0 0 2 2 0 0 2 0 0 2 0 0 2 1 0 2 0 2 2 2 0 0 2 
51 1 1 1 1 1 1 1 0 0 1 0 0 0 2 0 1 0 0 0 0 1 0 0 0 0 1 0 0 0 0 2 0 0 0 2 0 0 2 0 0 2 1 0 2 0 2 2 2 0 0 2 
52 2 1 1 1 1 1 0 0 0 1 0 0 1 2 0 1 0 0 0 0 1 0 0 0 0 1 0 0 0 0 2 0 0 0 2 0 0 2 0 0 2 1 0 2 0 2 2 2 0 0 2 
53 1 1 1 1 1 1 0 0 0 1 2 0 1 2 0 0 0 0 0 0 1 0 0 0 0 0 0 0 0 0 0 0 0 0 2 0 0 2 0 0 2 1 0 2 0 2 2 2 0 0 2 
54 2 1 1 1 1 1 0 0 0 1 2 0 0 2 0 0 1 0 0 0 1 0 0 0 0 0 0 0 0 0 0 0 0 0 2 0 0 2 0 0 2 1 0 2 0 2 2 2 0 0 2 
55 1 1 1 1 1 1 0 0 0 1 2 0 0 2 0 0 1 0 0 0 1 0 0 0 0 0 0 0 0 0 0 0 2 0 2 0 0 0 0 0 2 1 0 2 0 2 2 2 0 0 2 
56 2 1 1 1 1 1 0 0 0 0 2 0 0 2 0 1 1 0 0 0 1 0 0 0 0 0 0 0 0 0 0 0 2 0 2 0 0 0 0 0 2 1 0 2 0 2 2 2 0 0 2 
57 1 1 1 1 1 1 0 0 0 0 0 0 0 2 0 0 1 0 0 2 1 0 0 0 0 0 0 0 0 0 0 0 2 0 2 0 0 0 0 0 2 1 0 2 0 2 2 2 0 0 2 
58 2 1 0 1 1 1 1 0 0 0 0 0 0 2 0 0 1 0 0 2 1 0 0 0 0 0 0 0 0 0 0 0 2 0 2 0 0 0 0 0 2 1 0 2 0 2 2 2 0 0 2 
59 1 1 0 1 1 1 1 0 0 0 0 0 0 2 0 0 1 0 0 2 1 0 0 0 0 0 0 0 2 0 0 0 2 0 0 0 0 0 0 0 2 1 0 2 0 2 2 2 0 0 2 
60 2 1 0 1 1 0 1 0 0 0 1 0 0 2 0 0 1 0 0 2 1 0 0 0 0 0 0 0 2 0 0 0 2 0 0 0 0 0 0 0 2 1 0 2 0 2 2 2 0 0 2 
61 1 1 0 1 1 0 1 0 0 0 1 0 0 2 0 2 1 0 0 0 1 0 0 0 0 0 0 0 2 0 0 0 2 0 0 0 0 0 0 0 2 1 0 2 0 2 2 2 0 0 2 
62 2 1 0 1 1 0 1 0 0 1 1 0 0 2 0 0 1 0 0 0 0 0 0 0 0 0 0 0 2 0 0 0 2 0 0 0 0 0 0 0 2 1 0 2 0 2 2 2 0 0 2 
63 1 1 0 1 1 0 1 0 0 1 1 0 0 2 0 0 1 0 0 0 0 0 0 0 0 0 2 0 2 0 0 0 0 0 0 0 0 0 0 0 2 1 0 2 0 2 2 2 0 0 2 
64 2 1 0 1 1 0 1 0 0 0 1 0 0 2 1 0 1 0 0 0 0 0 0 0 0 0 2 0 2 0 0 0 0 0 0 0 0 0 0 0 2 1 0 2 0 2 2 2 0 0 2 
65 1 1 0 1 1 0 1 0 2 0 1 0 0 0 1 0 1 0 0 0 0 0 0 0 0 0 2 0 2 0 0 0 0 0 0 0 0 0 0 0 2 1 0 2 0 2 2 2 0 0 2 
66 2 1 0 1 0 0 1 0 0 0 1 0 0 1 1 0 1 0 0 0 0 0 0 0 0 0 2 0 2 0 0 0 0 0 0 0 0 0 0 0 2 1 0 2 0 2 2 2 0 0 2 
67 1 1 0 1 0 0 1 0 0 0 1 0 0 1 1 0 1 0 0 0 0 0 2 0 0 0 0 0 2 0 0 0 0 0 0 0 0 0 0 0 2 1 0 2 0 2 2 2 0 0 2 
68 2 1 0 1 0 0 1 0 0 0 1 0 0 1 1 0 0 0 0 0 0 0 0 0 0 0 0 1 2 0 0 0 0 0 0 0 0 0 0 0 2 1 0 2 0 2 2 2 0 0 2 
69 1 1 0 1 0 0 1 0 0 0 1 0 0 1 1 0 0 0 0 0 0 0 0 0 0 0 0 1 2 0 0 0 0 0 0 0 0 0 0 2 2 1 0 2 0 0 2 2 0 0 2 
70 2 1 0 1 0 0 1 0 0 0 1 0 0 0 1 0 0 0 1 0 0 0 0 0 0 0 0 1 2 0 0 0 0 0 0 0 0 0 0 2 2 1 0 2 0 0 2 2 0 0 2 
71 1 1 0 1 0 0 1 0 0 0 1 0 0 0 1 0 0 0 1 0 0 0 0 0 0 0 0 1 2 0 0 0 0 0 0 0 0 0 2 2 2 1 0 0 0 0 2 2 0 0 2 
72 2 1 0 1 0 0 0 0 0 0 1 1 0 0 1 0 0 0 1 0 0 0 0 0 0 0 0 1 2 0 0 0 0 0 0 0 0 0 2 2 2 1 0 0 0 0 2 2 0 0 2 
73 1 1 0 1 0 0 0 0 0 0 1 1 0 0 1 0 0 0 1 0 0 0 0 0 0 0 0 1 2 0 0 0 0 0 2 0 0 0 2 0 2 1 0 0 0 0 2 2 0 0 2 
74 2 1 0 1 0 0 0 0 0 0 1 1 0 0 1 0 0 0 0 0 0 0 0 1 0 0 0 1 2 0 0 0 0 0 2 0 0 0 2 0 2 1 0 0 0 0 2 2 0 0 2 
75 1 1 0 1 0 0 0 0 0 0 1 1 0 0 1 0 0 2 0 0 0 0 0 0 0 0 0 1 0 0 0 0 0 0 2 0 0 0 2 0 2 1 0 0 0 0 2 2 0 0 2 
76 2 1 0 1 0 0 0 0 0 0 1 1 0 0 1 0 0 2 0 0 0 0 0 0 0 0 0 0 0 0 0 0 0 1 2 0 0 0 2 0 2 1 0 0 0 0 2 2 0 0 2 
77 1 1 0 1 0 0 0 0 0 0 1 1 0 0 1 0 0 2 0 0 0 0 0 0 0 0 0 2 0 0 0 0 0 0 2 0 0 0 0 0 2 1 0 0 0 0 2 2 0 0 2 
78 2 1 0 0 0 0 0 0 1 0 1 1 0 0 1 0 0 2 0 0 0 0 0 0 0 0 0 2 0 0 0 0 0 0 2 0 0 0 0 0 2 1 0 0 0 0 2 2 0 0 2 
79 1 1 0 0 0 0 0 0 1 0 1 1 2 0 1 0 0 0 0 0 0 0 0 0 0 0 0 2 0 0 0 0 0 0 2 0 0 0 0 0 2 1 0 0 0 0 2 2 0 0 2 
80 2 1 0 0 0 0 0 0 1 0 0 1 2 0 1 1 0 0 0 0 0 0 0 0 0 0 0 2 0 0 0 0 0 0 2 0 0 0 0 0 2 1 0 0 0 0 2 2 0 0 2 
81 1 1 0 0 0 0 0 0 1 0 0 1 2 0 1 1 0 0 0 0 0 0 0 0 0 0 0 2 0 0 0 0 0 0 2 0 0 0 0 0 2 1 0 0 0 2 2 2 0 0 0 
82 2 0 0 0 0 0 1 0 1 0 0 1 2 0 1 1 0 0 0 0 0 0 0 0 0 0 0 2 0 0 0 0 0 0 2 0 0 0 0 0 2 1 0 0 0 2 2 2 0 0 0 
83 1 4 0 0 0 0 0 0 1 0 0 1 0 0 1 1 0 0 0 0 0 0 0 0 0 0 0 2 0 0 0 0 0 0 2 0 0 0 0 0 2 1 0 0 0 2 2 2 0 0 0 
84 2 4 0 0 0 0 0 0 1 0 0 1 0 0 1 0 0 0 0 0 1 0 0 0 0 0 0 2 0 0 0 0 0 0 2 0 0 0 0 0 2 1 0 0 0 2 2 2 0 0 0 
85 1 4 0 0 0 0 0 0 1 0 0 1 0 0 1 0 0 0 0 0 1 0 0 0 0 0 0 2 0 0 0 0 0 0 2 0 0 0 0 0 2 1 2 0 0 2 0 2 0 0 0 
86 2 4 0 0 0 0 0 0 1 0 0 1 0 0 1 0 0 0 0 0 0 0 0 0 0 1 0 2 0 0 0 0 0 0 2 0 0 0 0 0 2 1 2 0 0 2 0 2 0 0 0 
87 1 4 0 0 0 0 0 0 1 0 0 1 0 0 1 0 0 0 0 0 0 0 0 0 0 1 0 2 2 0 0 0 0 0 0 0 0 0 0 0 2 1 2 0 0 2 0 2 0 0 0 
88 2 4 0 0 0 0 0 0 1 0 0 1 0 0 1 0 0 0 0 0 0 0 0 0 0 0 0 2 2 1 0 0 0 0 0 0 0 0 0 0 2 1 2 0 0 2 0 2 0 0 0 
89 1 4 0 0 0 0 0 0 1 0 0 1 0 0 1 0 0 0 0 0 0 0 0 2 0 0 0 2 0 1 0 0 0 0 0 0 0 0 0 0 2 1 2 0 0 2 0 2 0 0 0 
90 2 4 0 0 0 0 0 0 1 0 0 1 0 0 0 0 0 0 0 1 0 0 0 2 0 0 0 2 0 1 0 0 0 0 0 0 0 0 0 0 2 1 2 0 0 2 0 2 0 0 0 
91 1 4 0 0 0 0 0 0 1 0 0 1 0 0 0 0 0 2 0 1 0 0 0 0 0 0 0 2 0 1 0 0 0 0 0 0 0 0 0 0 2 1 2 0 0 2 0 2 0 0 0 
92 2 4 0 0 0 0 0 0 1 0 0 1 0 0 0 0 0 2 0 0 0 0 0 0 0 1 0 2 0 1 0 0 0 0 0 0 0 0 0 0 2 1 2 0 0 2 0 2 0 0 0 
93 1 4 0 0 0 0 0 0 1 0 0 1 0 2 0 0 0 0 0 0 0 0 0 0 0 1 0 2 0 1 0 0 0 0 0 0 0 0 0 0 2 1 2 0 0 2 0 2 0 0 0 
94 2 4 0 0 0 0 0 0 0 0 0 1 0 0 0 0 0 1 0 0 0 0 0 0 0 1 0 2 0 1 0 0 0 0 0 0 0 0 0 0 2 1 2 0 0 2 0 2 0 0 0 
95 1 0 0 0 0 0 0 0 0 0 0 1 0 0 0 0 0 0 0 0 0 0 0 0 0 1 0 2 4 1 0 0 0 0 0 0 0 0 0 0 2 1 2 0 0 2 0 2 0 0 0 
96 2 0 0 0 0 0 0 0 0 0 0 1 0 0 0 0 0 0 0 0 0 0 0 0 0 1 0 2 4 0 0 0 0 0 0 1 0 0 0 0 2 1 2 0 0 2 0 2 0 0 0 
97 1 0 0 0 0 0 0 0 0 0 0 1 0 0 0 0 0 0 0 0 2 0 0 0 0 0 0 2 4 0 0 0 0 0 0 0 0 0 0 0 0 1 2 0 0 2 0 2 0 0 0 
98 2 0 0 0 0 0 0 0 0 0 0 1 0 0 0 0 0 0 0 0 2 0 0 0 0 0 0 2 4 0 0 0 0 0 0 0 0 0 0 0 0 0 2 0 0 2 3 2 0 0 0 
99 1 0 0 0 0 0 0 0 0 0 0 1 0 0 0 0 0 0 0 0 2 0 0 0 0 0 0 2 4 0 0 0 0 0 0 0 0 0 0 0 2 0 2 0 0 0 3 2 0 0 0 
100 2 0 0 0 0 0 0 0 0 0 0 1 0 0 0 0 0 0 0 0 2 0 3 0 0 0 0 0 4 0 0 0 0 0 0 0 0 0 0 0 2 0 0 0 0 0 0 2 0 0 0 
101 1 0 0 0 0 0 0 0 0 0 0 1 0 0 0 0 0 0 0 0 2 0 3 0 0 0 0 0 0 0 0 0 0 0 4 0 0 0 0 0 2 0 0 0 0 0 0 2 0 0 0 
102 2 0 0 0 0 0 0 0 0 0 0 1 0 0 0 0 3 0 0 0 2 0 0 0 0 0 0 0 0 0 0 0 0 0 4 0 0 0 0 0 2 0 0 0 0 0 0 2 0 0 0 
103 1 0 0 0 0 0 0 0 0 0 0 1 0 0 0 0 3 0 0 0 2 0 0 0 0 0 0 0 0 0 0 0 0 0 4 2 0 0 0 0 0 0 0 0 0 0 0 2 0 0 0 
104 2 0 0 3 0 0 0 0 0 0 0 1 0 0 0 0 0 0 0 0 2 0 0 0 0 0 0 0 0 0 0 0 0 0 4 2 0 0 0 0 0 0 0 0 0 0 0 2 0 0 0 
105 1 0 0 3 0 0 0 0 0 0 0 1 0 0 0 2 0 0 0 0 0 0 0 0 0 0 0 0 0 0 0 0 0 0 4 2 0 0 0 0 0 0 0 0 0 0 0 2 0 0 0 
106 2 0 0 0 0 0 0 3 0 0 0 1 0 0 0 2 0 0 0 0 0 0 0 0 0 0 0 0 0 0 0 0 0 0 4 2 0 0 0 0 0 0 0 0 0 0 0 2 0 0 0 
107 1 0 0 0 0 0 0 3 0 0 0 1 0 0 0 2 0 0 0 0 4 0 0 0 0 0 0 0 0 0 0 0 0 0 0 2 0 0 0 0 0 0 0 0 0 0 0 2 0 0 0 
108 2 0 0 0 0 0 0 0 0 0 0 1 0 0 0 2 0 0 0 0 4 0 0 0 0 0 0 0 0 0 0 0 0 0 0 0 0 0 0 0 3 0 0 0 0 0 0 2 0 0 0 
109 1 0 0 0 0 0 0 0 0 0 0 1 0 0 0 2 0 0 0 0 0 0 0 0 0 0 0 0 0 4 0 0 0 0 0 0 0 0 0 0 3 0 0 0 0 0 0 2 0 0 0 
110 2 0 0 0 0 0 0 0 0 0 3 1 0 0 0 0 0 0 0 0 0 0 0 0 0 0 0 0 0 0 0 0 0 0 0 0 0 0 0 0 0 0 0 0 0 0 0 2 0 0 0 
111 1 0 0 0 0 0 0 0 0 0 3 1 0 0 0 0 0 0 0 0 0 0 0 0 0 0 0 0 0 0 0 0 0 0 0 0 0 0 0 0 0 0 2 0 0 0 0 0 0 0 0 
112 2 0 0 0 0 0 0 0 0 0 0 1 0 0 0 0 0 0 0 0 0 0 0 0 0 0 0 0 0 0 0 0 0 0 0 0 0 0 0 0 0 0 0 0 0 0 3 0 0 0 0 
-1